7
a	0	29	999	999	999	10	999
b	29	0	16	999	999	999	15
c	999	16	0	12	999	999	999
d	999	999	12	0	22	999	10
e	999	999	999	22	0	27	25
f	10	999	999	999	27	0	999
g	999	15	999	10	25	999	0